0
8750
7814
11
6672
9967
3339
6253
4372
17
8926
2505
7858
2514
8365
22
6678
2511
7087
2520
8160
28
2517
7504
8595
5012
34
8339
9766
3356
7512
7095
40
7511
2523
8341
5700
1285
45
6684
6268
3362
1463
1291
51
7595
6265
1469
1297
57
9173
5024
5651
7518
3474
62
6689
2540
6271
8401
3480
68
2545
9383
2554
8394
74
9180
2551
8346
1486
6275
80
6695
5743
3384
1492
7106
85
7523
2557
3390
1498
7112
91
2563
8764
3497
1331
97
9065
7522
6283
7217
2417
102
6701
5047
6754
8406
4314
108
5053
8148
7529
8606
114
7528
2580
3407
1521
9526
120
6706
5761
3413
8144
3511
125
6712
2585
9597
9078
7563
131
5766
3419
7535
7124
137
7534
2597
8564
3652
7484
142
6718
5772
6300
3658
1377
148
6308
7566
7225
5596
154
9695
5076
3436
2617
5075
160
7540
5778
9075
8158
8388
165
6724
6314
3442
1566
8785
171
5082
5783
1572
6777
177
9694
2625
9206
2634
1405
182
6729
2631
4389
2640
1411
188
2637
6317
8620
1417
194
9600
5795
4395
7552
4475
200
6735
2643
3464
1595
6780
205
8601
7550
3470
1601
7585
211
5801
9891
7937
4287
217
8782
5104
8161
7558
7146
222
6741
2660
4412
6333
7152
228
2665
5725
2674
1451
234
9475
2671
3487
1623
8127
240
6746
7591
3493
1629
3594
245
6752
2677
4423
7564
3600
251
2683
3499
8966
4509
257
8937
6348
7562
8173
6805
262
6758
5127
4435
9203
3603
268
5133
6345
7569
7164
274
7568
2700
3516
1658
7601
280
8612
7567
8381
9072
5036
285
6764
2705
3522
5835
8140
291
9087
6357
1675
6813
297
7574
2717
7167
3755
6285
302
6769
6365
9803
3761
5149
308
7921
8586
6881
6361
314
9869
5156
8386
2737
1525
320
6775
5846
3544
4554
4440
325
8390
7579
3550
1703
1537
331
5162
6377
1709
8412
337
8961
2745
7926
2754
9191
342
6781
2751
5777
2760
7889
348
2757
7584
3789
4367
354
8800
7932
3567
1726
7186
360
6786
2763
3573
1732
1565
365
6792
6388
9223
1738
1571
371
9240
3579
8198
1577
377
9825
5184
9105
7598
9225
382
6798
2780
6391
4585
4583
388
2785
8195
2794
9114
394
9865
2791
3596
1761
5796
400
8629
5881
9100
8972
7900
405
6804
2797
3602
7604
7204
411
2803
5886
5280
1611
417
9554
7602
6403
9407
4377
422
6809
5207
5811
8202
7594
428
5213
8802
7609
3720
434
7608
2820
4532
9663
7904
440
6815
5898
3624
7305
6412
445
8811
2825
3630
1806
3723
451
5903
7613
1812
8806
457
7614
2837
8828
9325
2691
462
6821
5909
4549
3863
1657
468
6428
9738
7317
8651
474
9657
5236
3647
2857
5235
480
6826
9706
3653
1835
7260
485
6832
6434
4561
1841
4447
491
5242
3659
9220
8658
497
9995
2865
7961
2874
1685
502
6838
2871
4572
2880
1691
508
2877
6437
3892
1697
514
8419
5932
3676
1863
7326
520
7631
2883
8421
1869
6371
525
6844
7630
3682
2897
7929
531
5938
8228
4674
4476
537
8822
5264
9402
7638
9097
542
6849
2900
4595
4677
7244
548
2905
7635
2914
1731
554
9111
2911
8426
1898
7592
560
6855
7674
3704
8231
7965
565
7643
2917
3710
7644
4686
571
2923
9717
1915
7677
577
8971
6468
7642
7345
5876
582
6861
5287
8457
9505
6463
588
5293
6465
7649
8630
594
7648
2940
3727
6025
5196
600
6866
5966
3733
8675
8220
605
6872
2945
6480
1943
2805
611
8486
3739
1949
3840
617
7654
2957
5897
9751
6917
622
6878
6485
7989
3966
4527
628
9563
7355
6983
3843
634
9962
5316
3756
1966
1805
640
7660
5983
9561
1972
8209
645
6884
7659
3762
1978
1817
651
5322
6497
9122
7615
657
9712
2985
8251
2994
7956
662
6889
2991
7276
3000
3874
668
2997
7664
3995
4556
674
8840
9788
4669
2001
8835
680
6895
3003
3784
5403
1845
685
9123
6508
3790
3017
1851
691
6006
6505
9426
1857
697
9224
5344
5931
7678
7705
702
6901
3020
6511
7388
7331
708
3025
7323
3034
7969
714
9834
3031
3807
5356
3900
720
6906
6018
3813
8260
7295
725
6912
3037
4698
2046
8841
731
3043
3819
2052
1891
737
9710
7682
6523
7018
4680
742
6918
5367
4709
9718
8224
748
5373
8268
7689
8484
754
7688
3060
3836
4800
9118
760
9986
6537
8461
2075
5956
765
6924
3065
3842
2081
6971
771
6041
7693
7695
7312
777
7694
3077
9423
5457
2937
782
6929
8700
4732
4817
1937
788
6548
7354
8708
7351
794
9012
5396
8466
2103
5395
800
6935
9025
3864
2109
7984
805
8470
6554
3870
6117
4636
811
5402
6058
8275
3963
817
9862
3105
9258
3114
1965
822
6941
3111
4755
3120
1971
828
3117
6557
8711
1977
834
9855
6069
3887
2138
7998
840
6946
3123
3893
6126
6991
845
6952
7710
4766
3137
3994
851
6571
3899
2155
8666
857
8862
5424
8281
7718
7335
862
6958
3140
7716
6573
8003
868
3145
6005
3154
2011
874
9140
3151
3916
5436
3011
880
9349
6086
7434
9677
8715
885
6964
3157
3922
2183
9904
891
3163
7440
2189
8009
897
9672
6588
7722
7437
4020
902
6969
5447
7380
7017
6583
908
5453
6585
7729
7352
914
7728
3180
6594
2206
8315
920
6975
6103
3944
2212
7684
925
8703
3185
3950
2218
8986
931
7443
6597
7735
5537
937
7734
3197
7356
9524
9666
942
6981
6115
9029
8563
4716
948
8058
9435
7086
6601
954
9927
5476
3967
2241
2085
960
6986
6121
3973
4914
8291
965
6992
7739
9985
4920
2097
971
5482
3979
8304
3085
977
9436
3225
8063
3234
8057
982
6998
3231
6057
3240
9676
988
3237
7744
8337
5492
994
8499
8069
3996
7752
7375
1000
7751
3243
8501
4091
2125
1005
7004
6628
4002
2286
2131
1011
6143
6625
2292
2137
1017
9253
5504
8897
7758
8038
1022
7009
3260
4869
4945
7053
1028
3265
8036
3274
4114
1034
9758
3271
4875
5516
4111
1040
7015
9274
4024
2315
7386
1045
7763
3277
4030
2321
7392
1051
3283
6161
8044
2171
1057
9157
7762
6643
7121
8289
1062
7021
5527
4892
7483
4860
1068
5533
8882
7769
8287
1074
7768
3300
4047
2343
7065
1080
7026
6657
4053
2349
4140
1085
7032
3305
4903
9373
8047
1091
6178
4059
7775
7404
1097
7774
3317
7080
4269
7757
1102
7038
8092
4915
9465
2217
1108
6668
9024
8333
8075
1114
9761
5556
4076
2378
5555
1120
7780
9169
6189
5709
8866
1125
7044
6674
4082
6257
8706
1131
5562
8754
2395
7091
1137
9943
3345
8098
3354
2245
1142
7049
3351
8712
3360
2251
1148
3357
6677
8758
2257
1154
9722
6685
7149
7792
4194
1160
7055
3363
4104
6127
6617
1165
8738
7790
4110
2423
9049
1171
6691
8348
2429
4847
1177
8902
5584
9158
7798
7426
1182
7061
3380
7796
5037
7432
1188
3385
7795
3394
2291
1194
9447
3391
4127
2446
3257
1200
7066
6223
4133
2452
8078
1205
7072
3397
9270
2458
5665
1211
3403
4139
5674
4234
1217
9583
6708
7802
9882
4231
1222
7078
5607
9378
8761
6703
1228
5613
6705
7809
7444
1234
7808
3420
4156
2481
7764
1240
8749
6241
8541
7125
3291
1245
7084
3425
4162
8906
4131
1251
6246
6717
7815
7843
1257
1
3437
6177
6
9042
1262
7089
6252
12
4378
5629
1268
8126
8766
18
6721
1274
9728
5636
23
3457
2365
1280
29
6258
4184
8157
7497
35
8550
7819
4190
2526
2377
41
5642
6263
2532
7811
46
9063
3465
8371
52
7140
1302
7101
3471
5029
58
8573
1308
3477
7824
63
4927
1314
8920
69
4207
7832
7466
1320
75
3483
4213
2555
2405
1325
81
6748
5041
2561
2411
86
6281
4219
5812
92
1337
9821
5664
6211
7838
98
1342
7118
3500
5052
103
4320
1348
3505
109
3514
7252
1354
9171
115
4236
2583
6755
1360
8925
121
6292
2589
8111
1365
126
3517
4242
7844
132
1371
3523
6298
4337
2451
138
9185
7842
6763
7223
143
1382
7129
5687
149
9773
8351
1388
5693
155
7849
5757
1394
7848
3540
161
2618
8115
1400
7135
166
4264
8384
4351
172
8931
3545
4270
6315
8556
178
9801
7853
2635
8123
183
7854
3557
8752
189
7533
1422
7141
8791
195
4481
2497
1428
6788
7807
201
5071
1434
9735
5716
206
3577
5715
1440
212
6326
4293
8398
7185
1445
218
6794
9652
2663
5007
223
5722
4299
2669
229
1457
9734
3585
8166
235
2525
1462
7158
3591
7200
241
2531
1468
3597
6797
246
2537
1474
8579
252
4316
2686
5195
1480
7871
258
8581
2692
8605
1485
263
7870
4322
2698
269
1491
6811
9086
7943
275
1497
8942
5744
7203
7878
281
1502
7169
3620
7876
286
7524
1508
3625
292
3634
2571
1514
9605
3631
298
2721
9585
1520
7175
303
4344
9092
4434
309
7883
3637
4350
7884
315
1531
3643
6366
8607
5229
321
9469
6828
7882
8413
326
1542
7181
5767
332
7920
4443
1548
5773
6825
338
8943
1554
7888
3660
343
5921
3531
1560
349
6378
4373
8957
3537
355
7192
3665
5178
2766
5154
361
6383
4379
2772
9830
366
7894
3677
7892
372
7177
1582
7198
6389
5189
378
5087
1588
9743
8775
383
6841
1594
9966
389
4396
3697
2645
1600
395
6851
6395
2795
9081
1605
401
7899
4402
2801
2657
406
5802
6401
7637
412
1617
9098
3705
8201
3714
418
1622
7209
3711
5212
423
8169
1628
3717
429
4612
5116
1634
8960
435
8958
2823
8955
1640
7215
441
4424
2829
2685
1645
446
6868
4430
3737
452
1651
6418
6865
8438
2697
458
9304
5824
9089
7918
463
1662
7221
3740
469
5305
5303
1668
3745
475
3754
7945
1674
9924
3751
481
2858
6356
1680
7226
486
4453
9109
7575
492
7232
3757
5246
7924
8790
498
3763
4459
2875
2731
503
9739
7922
6883
509
7617
1702
7238
5847
515
8442
3645
1708
5853
8962
521
4560
1714
7928
3780
526
9121
7277
1720
532
6446
8621
7665
6892
1725
538
3785
4482
2903
4563
543
7285
7933
2909
549
1737
7934
3797
9324
555
8813
1742
7249
8229
6900
561
2777
1748
6908
9486
566
7895
1754
9115
572
8626
2926
5875
1760
7255
578
4504
2932
6845
1765
583
6914
4510
2938
589
1771
5882
8235
9237
595
1777
9886
3825
8817
3834
601
1782
7261
3831
8804
606
2811
1788
3837
612
4715
2817
1794
9778
6925
618
2961
8653
1800
7266
623
4533
4617
8194
629
7272
7950
7361
3857
635
1811
6486
4539
5394
7314
641
8982
5904
8820
7958
646
1822
7278
3860
652
5397
8978
1828
3865
7955
658
2851
1834
9231
3871
663
5916
6477
1840
669
6498
9238
8471
8998
675
7284
3877
4562
3006
5406
681
3883
6503
3012
7703
686
9745
6948
7962
692
6436
1862
7289
5927
5349
698
6943
1868
5933
6945
703
7632
1874
7968
709
5355
9018
3777
1880
715
7967
4584
3035
5911
1885
721
3905
4590
3041
9660
726
6521
6957
7975
732
1897
7974
3917
6457
8860
738
1902
7301
6965
5372
743
5276
1908
8263
749
9244
4683
1914
9880
755
4607
3063
2925
1920
7306
761
4613
3069
3811
1925
766
7979
5383
9023
772
1931
5962
4619
8868
9871
778
9752
3945
8491
3954
783
1942
7318
3951
789
3960
4714
1948
3957
795
8864
5972
1954
8659
6549
801
3098
7655
1960
7991
806
8661
9807
2965
812
7324
6988
4642
3977
2971
818
9249
6985
3115
2977
823
9333
5984
6491
829
7738
1982
7329
3980
835
7748
8682
1988
3985
6931
841
8249
1994
9125
3991
846
5996
4740
2000
852
6566
4664
8500
7666
2005
858
3997
4670
3143
7672
863
4003
9004
3149
869
2017
9628
8002
7003
875
7964
2022
7341
6007
9129
881
4651
2028
6013
8508
886
7755
2034
8008
892
4687
3166
9235
2040
7346
898
4693
3172
6516
2045
903
4025
8697
3178
909
2051
9344
4699
8015
915
2057
8014
4037
8844
9350
921
2062
7358
6595
7020
926
3057
2068
7028
932
9361
3925
2074
9149
6036
938
3201
6035
2080
8020
943
9678
8518
7397
949
7364
7034
4722
7773
955
2091
6042
6606
7405
4803
961
9982
4065
8303
4074
966
2102
7369
4071
972
4080
3091
2108
4077
7037
978
3097
2114
9571
7045
983
8032
8278
2120
989
4083
4744
6120
8276
995
9354
8030
4750
3246
4834
1001
6623
9521
3252
5407
1006
9022
6064
8521
1012
7706
2142
7381
4100
5509
1018
7712
2148
4105
6565
1023
3131
2154
9260
1029
4767
6076
8305
2160
1035
9031
4773
3275
8065
2165
1041
4117
5521
3281
8314
1046
4123
4779
8878
1052
2177
9360
7068
8042
7797
1058
2182
7398
6087
5532
1063
7063
2188
6093
1069
8049
7724
2194
8048
1075
4796
3303
4765
2200
9720
1081
8701
3309
5520
2205
1086
4145
4802
9026
1092
2211
6658
7077
8055
8724
1098
8054
4157
7727
4989
1103
2222
7409
7085
1109
6720
6109
2228
9453
1115
7498
7081
2234
9960
6116
1121
3338
3205
2240
7415
1126
4824
5634
4057
1132
8710
8059
4830
5640
3217
1138
6122
7097
3355
8516
1143
9166
4185
8338
1149
9506
2262
7421
4191
1155
4200
9522
2268
4197
8064
1161
5487
2274
9040
8911
1166
8072
7746
2280
1172
4203
4853
4931
3245
2285
1178
7108
7825
3383
3251
1183
7834
4859
3389
1189
2297
9911
6144
7474
1195
8318
2302
7438
4220
7111
1201
8108
2308
4225
7471
1206
4954
2314
9791
1212
4876
3406
4951
2320
9045
1218
9589
3412
9165
2325
1223
4237
4882
3418
1229
2331
4243
9044
8324
1235
2337
9277
8082
7123
9284
1241
2342
7449
6167
6651
1246
7105
2348
6173
1252
8089
8921
2354
8088
4260
1258
3441
8748
2360
7455
1263
4904
9282
4980
1269
9051
4265
4910
9866
1275
2371
6726
8093
8095
9046
1281
8094
4277
9723
5092
1286
2382
7461
6732
1292
5098
3337
2388
7148
8745
1298
4897
2394
9377
6196
1303
4297
6195
2400
1309
6738
4933
8940
7451
1315
7472
7154
5658
3486
5567
1321
6202
4939
3492
9533
1326
9905
4305
9060
1332
3365
2422
7478
4311
5669
1338
3371
2428
4317
7157
1343
3377
2434
8739
1349
4956
8112
5034
2440
1355
4323
8741
3515
9188
2445
1361
8110
4962
3521
9071
1366
6761
8588
5754
1372
2457
9062
6224
8891
8118
1378
2462
7489
4340
5692
1383
7804
2468
4345
1389
4354
3411
2474
9527
1395
8746
3543
6156
2480
7495
1401
4984
3549
8358
2485
1406
4357
4990
8124
1412
2491
4363
6778
8769
5074
1418
9820
7188
8122
8948
1423
2502
7501
6247
1429
7845
7183
2508
7
1435
8129
8363
13
8128
4380
1441
3578
8922
19
7506
1446
5013
24
8569
1452
30
4385
5726
6795
36
1458
9658
5019
3595
7857
42
8134
4397
6737
47
7545
2542
53
7205
1475
5201
5647
2548
59
7554
1481
7201
64
9768
6276
70
4417
3485
2560
76
6806
8367
8425
8154
2565
82
8139
5042
3623
87
1503
6282
93
3629
1509
2577
9201
4425
99
1515
9540
2582
104
4431
7836
110
8177
2588
4437
116
1526
5676
2594
9080
1532
122
3646
8380
2600
127
1538
5064
133
3525
2605
1543
7228
5070
139
1549
2611
8212
144
6429
1555
150
9384
6304
6771
156
1561
2622
7541
4460
7231
162
5160
2628
4465
167
4474
8163
173
9391
4471
1578
3681
7235
179
7546
1583
5093
184
7855
1589
190
4477
9083
8164
196
2651
4483
5099
5177
3571
202
9305
8162
7243
207
1606
2662
213
6327
1612
8818
8598
2668
219
8628
1618
6385
224
8168
4500
230
5880
8596
2680
236
6858
8781
8624
5191
1635
242
4505
5122
3726
247
1641
6863
253
3732
7872
1646
8174
4517
259
1652
8603
2702
264
6869
5829
270
3617
2708
7268
276
1663
8423
2714
9775
1669
282
4537
6355
2720
287
7954
5144
293
9202
2725
1681
7274
5150
299
5756
1686
6362
304
8434
1692
310
9774
4545
8441
316
1698
2742
7581
4551
5852
322
3651
2748
4557
327
5332
3657
333
9872
1715
5167
3783
5915
339
7586
1721
5173
344
7620
2765
350
8190
5863
4577
356
2771
6898
5179
9746
8946
362
9102
6384
8641
367
1743
2782
373
4580
1749
7293
8950
2788
379
1755
4594
3691
384
9612
4591
390
3818
7931
2800
396
1766
6909
9229
5274
1772
402
4597
5202
8204
407
1778
4603
413
3835
5949
1783
9217
7308
419
1789
7645
2822
424
6407
1795
430
5283
2828
6413
436
1801
7912
2834
8208
4620
442
6538
8837
2840
447
6926
5224
453
9318
2845
1818
4625
5230
459
8175
1823
8846
464
3869
1829
470
8214
4637
7916
476
8435
2862
7621
7325
8469
482
5836
2868
9000
487
1846
7321
493
9976
1852
5247
3886
3765
499
7626
1858
5253
504
8468
2885
510
8219
9806
3898
516
2891
6442
5259
7997
1875
522
9337
4665
9972
527
1881
2902
533
4671
6897
1886
8449
2908
539
1892
5435
6452
544
8819
9429
550
3921
7935
2920
556
1903
8821
6514
3805
1909
562
7348
5282
4697
567
2931
6966
573
8678
3817
1921
9413
6464
579
8238
1926
2942
584
4700
1932
590
6023
2948
4705
596
1938
9837
2954
9705
4711
602
6476
6916
2960
607
6978
5304
613
7946
1955
8243
4717
5310
619
7952
1961
4723
624
3972
3851
630
9674
8242
7363
636
7247
2982
7661
6487
5989
642
7980
2988
6493
647
1983
5400
653
8248
1989
5327
8847
8464
659
1995
7377
5333
664
7372
3005
670
4745
6001
4001
676
2006
7001
5339
8255
2012
682
8254
4757
8277
687
2018
3022
693
8857
6012
2023
3897
3028
699
2029
8037
5994
704
9252
2035
710
4023
6515
3040
716
2041
7012
4029
9564
3045
722
7394
5362
6641
727
3051
6522
733
9431
8283
2058
9970
4785
739
4794
2063
3062
744
4791
2069
750
3931
3068
4797
756
7074
3937
3074
9926
7029
762
4058
8046
3080
767
2086
5384
773
9143
2092
9245
8270
5390
779
8489
2098
7411
784
4075
5967
790
9142
6544
8676
796
7986
3102
7701
4820
2115
802
7992
3108
4825
807
2121
3971
813
9351
4831
2126
6556
8244
819
2132
7046
5413
824
9041
3125
830
4837
9430
4103
836
2143
4843
5419
4109
2149
842
9251
7428
8282
847
6996
3142
853
6567
9247
2161
7423
3148
859
7425
2166
8004
864
8288
2172
870
4126
8034
3160
876
2178
8861
4132
8687
3165
882
4865
5442
4138
887
3171
8898
893
8295
2195
3177
8294
4877
899
9452
2201
3182
904
7075
8725
910
6589
3188
8538
916
7806
5523
3194
9859
6596
922
4161
4045
3200
927
2223
5464
933
8321
2229
8870
8299
5470
939
2235
3211
6602
944
9362
8266
950
9792
4905
8543
956
2246
3222
7741
4911
2252
962
5554
3228
4917
967
2258
6047
973
9160
8549
2263
8312
8026
979
2269
4923
5493
984
4085
2275
990
7468
6138
4206
996
2281
7103
5499
4212
4097
1002
9861
6624
7051
1007
8893
3262
1013
4940
6149
2298
8905
3268
1019
9438
2303
8529
1024
9996
2309
1030
6636
5580
3280
1036
9057
7115
4235
9895
3285
1042
4957
5522
4241
1047
2326
4963
1053
9266
2332
3297
9790
8322
1059
7841
2338
3302
1064
6647
6172
1070
8311
3308
6653
1076
8329
8801
3314
8328
2355
1082
4263
9146
3320
1087
2361
5544
1093
7076
3325
2366
4985
5550
1099
2372
3331
7138
1104
8335
9030
1110
8334
4997
9032
1116
2383
3342
7781
8572
2389
1122
4177
3348
7508
1127
9068
7771
1133
9933
6676
2401
4298
6675
1139
7786
2406
5573
1144
8544
2412
1150
7514
6206
7197
1156
2418
6682
5579
4315
5643
1162
9902
5025
8578
1167
4205
3382
1173
5031
2435
5040
4211
3388
1179
7517
2441
4217
1184
8899
7525
1190
8352
8558
3400
1196
5043
8901
7557
7831
3405
1202
8350
5602
4343
1207
2463
7531
1213
4349
2469
3417
9182
6704
1219
2475
9285
3422
1224
5060
8356
1230
8084
3428
5065
1236
2486
4251
3434
9380
2492
1242
4366
4971
3440
1247
2498
5624
1253
9548
3445
2503
5077
5630
1259
2509
3451
5083
1264
8116
2515
1270
9764
7548
8362
1276
2521
3462
7821
6727
9272
1282
7543
3468
6733
1287
8369
9183
1293
8368
5100
2538
4401
6243
1299
7826
2543
5653
1304
9286
2549
1310
5105
7560
9186
1316
3491
7206
5659
8375
9466
1322
8374
5117
8372
1327
2566
3502
1333
7212
2572
5818
6207
3508
1339
9055
2578
7561
1344
9955
6756
1350
5137
4325
3520
1356
7218
9700
6354
6687
2595
1362
8379
5682
4446
1367
2601
6762
1373
4452
5045
2606
9303
5145
1379
2612
9590
3542
1384
5151
6309
1390
9418
3548
5157
1396
2623
6236
3554
9200
2629
1402
8392
8591
3560
1407
5163
5704
1413
4365
3565
2641
7588
5710
1419
4371
2646
7241
1424
8798
2652
1430
9464
6784
9989
1436
2658
3582
7861
5180
6332
1442
6837
3588
5185
1447
5194
5794
1453
9474
2675
5727
4503
5791
1459
7866
2681
5733
1464
8135
3605
1470
5197
6343
8404
1476
3611
5203
5739
8604
4411
1482
9397
8402
7603
1487
2703
3622
1493
6807
2709
8203
7556
3628
1499
2715
8409
8171
1504
8408
5220
1510
4538
7905
3640
1516
2726
8941
9108
5820
2732
1522
5225
5762
7275
1527
2738
8431
1533
4555
8152
2743
8414
5237
1539
2749
9205
3662
1544
9611
2755
1550
4457
3668
7628
1556
2761
8784
3674
9603
6836
1562
5257
6835
3680
1567
7286
5784
1573
9398
3685
2778
7634
5790
1579
6316
2783
6842
1584
4589
2789
1590
9949
5265
8646
1596
4485
3702
7901
5271
9084
1602
4491
3708
5277
1607
2806
4497
1613
9802
2812
5807
4606
5874
1619
7906
2818
5813
1624
8396
3725
1630
8430
7978
4618
1636
3731
7651
5819
6474
2835
1642
9222
6864
9829
1647
2841
3742
1653
5300
8436
2846
9218
3748
1659
2852
5314
4531
1664
9607
5311
1670
4641
5217
3760
1676
2863
9671
8831
8638
2869
1682
5317
5842
8444
1687
3771
5323
1693
9428
5914
2881
9483
7668
1699
9498
2886
3782
1704
6887
2892
1710
7663
3788
6893
1716
2898
8192
3794
8448
5340
1722
8253
9321
3800
1727
7338
5864
1733
5251
2915
9809
5345
5870
1739
8963
2921
7343
1744
4692
9126
1750
8454
5357
7297
1756
8988
3822
7941
7349
6469
1762
6396
3828
9900
1767
2943
7681
1773
9808
2949
5887
5377
4605
1779
2955
7691
5893
1784
8674
3845
1790
8459
6481
4721
1796
2966
6922
5899
8265
2972
1802
9338
5385
8681
1807
2978
3862
1813
5391
6492
2983
9566
3868
1819
2989
6052
6932
1824
8979
2995
1830
4743
8215
3880
1836
3001
8981
4749
4645
3885
1842
7708
5922
5417
1847
3891
7378
1853
9358
4657
3018
9493
6944
1859
8478
3023
3902
1864
5420
3029
1870
6000
3908
5425
1876
5434
9572
3914
9417
5431
1882
4778
7715
3920
1887
3046
5944
1893
8226
3052
8483
5437
5950
1899
8232
3058
5443
1904
4795
4691
1910
9425
8482
7723
1916
9226
3942
7981
6967
3075
1922
8455
3948
6973
1927
3081
8013
1933
8488
5460
3086
6600
7685
1939
3092
7406
5973
1944
6031
3965
1950
5465
9011
4823
1956
3103
8514
5979
4829
3109
1962
8494
5477
9124
1967
9750
3982
1973
8709
7740
3121
4737
3988
1979
7697
3126
6540
1984
9355
3132
1990
4846
6995
4000
1996
3138
9137
4852
8025
4005
2002
7754
6002
4858
2007
4011
7002
2013
9155
3155
4017
9814
5505
2019
5514
3161
4022
2024
5511
8040
2030
4771
4028
5517
2036
6155
4777
4034
9812
7765
2042
4881
6635
4040
2047
3183
6024
2053
9631
3189
9780
8510
6030
2059
3195
4051
7446
2064
8561
6527
2070
9262
7024
8043
2076
3206
4062
8021
5540
3212
2082
8272
4068
5545
2087
3218
4811
2093
9725
5551
3223
7036
9236
2099
3229
7458
6053
2104
6114
3235
2110
5557
6618
4926
2116
3241
5563
6059
4932
6669
2122
9567
7788
8522
2127
8892
4102
2133
7047
6629
3258
6123
4108
2139
7785
3263
8284
2144
8528
3269
2150
9586
5491
4120
2156
8527
9021
4955
5497
4125
2162
5585
6082
4961
2167
3286
7481
2173
8535
3292
4137
8534
5597
2179
7869
3298
4142
2184
7805
6652
2190
7069
4148
8743
2196
9798
7801
4154
9974
3315
2202
4983
4885
4160
2207
3321
6104
2213
8512
4165
3326
8539
6110
2219
3332
4171
7082
2224
8357
6091
2230
9457
5625
9729
2236
3343
4182
8061
5631
3349
2242
8729
4188
5637
2247
7137
6607
2253
9280
7509
3361
5018
8306
2259
8066
3366
6133
2264
4925
3372
2270
7828
6686
5657
2276
3378
9385
6139
5035
4937
2282
9971
7104
9369
2287
9468
4222
2293
5660
3395
6745
6743
4228
2299
8100
3401
9053
2304
9910
5671
2310
7116
7476
4240
2316
7526
9460
9692
8740
4245
2322
5677
6162
5063
2327
3423
5683
2333
5069
3429
4257
9819
8562
2339
3435
8932
4262
2344
7127
7491
2350
5605
4268
7133
2356
3446
6240
4274
8568
3452
2362
5086
8117
4280
2367
3458
6184
2373
7852
4285
3463
5705
6190
2379
3469
4291
8125
2384
8575
3475
2390
8574
5717
9195
2396
3481
4302
8101
7555
7860
2402
5017
4308
7868
2407
8397
8546
2413
9389
7156
3498
5121
7155
2419
8106
3503
6213
2424
8755
3509
2430
7874
9651
7258
2436
4331
7162
6219
8795
8571
2442
9921
5745
8783
2447
3526
4342
2453
5751
3532
5760
5051
4348
2459
7877
3538
5057
2464
9059
7885
2470
8592
9308
4360
2476
5763
9061
6297
9394
3555
2482
8590
6242
5166
2487
3561
7583
2493
5172
6716
3566
9302
7184
2499
3572
9922
4382
2504
5780
6789
2510
8364
4388
5785
2516
3583
5091
4394
9471
3589
2522
7196
9649
4400
2527
9386
6264
2533
9311
4405
3601
5797
6270
2539
6846
3606
5803
2544
6331
3612
2550
9849
7908
8602
2556
3618
4422
8141
7207
6812
2562
7903
4428
7213
2567
8609
9190
2573
8608
3635
6287
5223
5737
2579
8146
3641
6293
2584
8597
4445
2590
5825
6823
9306
2596
4451
7618
6299
8615
6360
2602
8614
5837
7577
2607
3663
4462
2613
7925
3669
8964
6767
4468
2619
3675
8218
6363
2624
9920
7236
2630
5258
5165
4480
2636
3686
7629
8663
5771
3692
2642
8619
6322
9889
2647
3698
7242
2653
5275
6834
3703
9406
5865
2659
3709
8191
4502
2664
5871
3715
2670
6394
4508
5877
2676
3721
6796
4514
9320
9480
2682
8632
9315
4520
2687
5883
6344
2693
5205
4525
3738
7948
6350
2699
5211
3743
9489
2704
5309
3749
2710
9544
7264
7611
2716
8458
4542
8181
5900
7951
2722
9331
4548
5905
2727
3766
8809
2733
9405
3772
6367
5326
6420
2739
8186
3778
6373
2744
8415
4565
2750
5917
9323
5338
2756
4571
5923
6379
9558
3795
2762
9748
8642
7963
2767
3801
4582
2773
7287
9409
3806
8792
4588
2779
3812
8649
7337
2784
8648
5940
2790
5361
8640
4600
2796
3823
9101
8477
7636
3829
2802
5945
6402
8692
2807
4611
7686
2813
8655
8432
3841
8654
5957
2819
6532
3846
4622
2824
7692
3852
2830
5297
4628
7988
2836
3858
5885
4634
9878
7316
2842
5977
7315
4640
2847
7698
6424
2853
8237
3875
9110
7994
6430
2859
6876
3881
7322
2864
5412
6483
2870
9944
5985
9243
2876
5325
4662
8221
5991
6949
2882
5331
4668
5997
2887
3903
5337
2893
9929
3909
6447
8672
8838
2899
3915
6003
6453
2904
8836
4685
2910
8670
6961
5441
2916
3926
7721
6459
8877
3932
2922
9342
7344
9001
2927
3938
4702
2933
6020
6972
3943
8843
4708
2939
3949
6034
5371
2944
9500
3955
2950
5463
7389
4720
2956
3961
7732
5469
9133
4725
2962
6037
6482
8684
2967
4731
6043
2973
8286
8849
3978
9623
8028
2979
8517
3983
4742
2984
7367
3989
2990
8023
4748
7373
2996
8689
8472
4754
8688
6060
3002
5498
8826
4760
3007
4006
6504
3013
8493
4012
9514
6065
6510
3019
8245
4018
8523
3024
5515
8545
3030
8694
6077
8476
3036
9335
4782
8261
8045
4035
3042
6956
4788
8881
3047
4041
8041
3053
9937
7396
4046
6097
5445
3059
4052
7766
6533
3064
6017
4805
3070
8699
9858
5543
3076
4063
7402
6539
5549
4069
3082
9441
6105
8886
3087
8017
4822
3093
6111
7737
4081
9443
4828
3099
8704
4086
7412
3104
9139
4092
3110
5566
8495
4840
3116
4098
9141
5572
5485
4845
3122
8068
6562
5578
3127
4851
8554
3133
9038
4115
4857
9573
7424
3139
8718
4121
4862
3144
6140
8071
3150
7465
4868
6145
3156
6154
6634
4874
9815
6151
3162
5601
6631
4880
3167
4143
6584
3173
8506
4149
8723
6157
6590
3179
4155
4891
6163
3184
8884
5531
3190
9517
8722
8083
3196
4166
4902
8301
7447
4172
3202
7005
4908
7453
3207
4178
9162
3213
8728
6180
4183
8923
9442
3219
4189
7818
6613
3224
6660
4195
3230
6185
7098
5646
3236
4201
7823
6619
5652
8524
3242
8734
6197
9641
3247
7083
4942
3253
7829
7109
4218
5577
4948
3259
9588
4223
6611
3264
9726
4229
3270
6217
7475
4960
3276
9529
7835
5675
9635
4965
3282
8114
6642
5681
3287
4246
7482
3293
9584
4252
4977
9993
6225
3299
6234
4258
4982
3304
6231
7132
3310
5611
4988
6237
3316
6772
5617
4994
9763
4275
3322
5703
6714
5000
3327
4281
6664
3333
9364
5005
4286
2
6670
8
4292
5011
14
3344
7194
20
3350
9382
25
9444
31
4303
5022
37
6260
4309
43
8552
5028
48
3367
6274
54
3373
9687
60
4321
5738
65
3379
71
4326
6693
77
8918
4332
83
6277
7166
88
3396
4338
94
6699
5755
100
3402
9525
105
8762
111
6751
5062
117
7527
4355
123
8143
5068
128
8145
4361
134
3424
8768
140
3430
7917
145
5080
151
7886
9181
157
9293
5085
163
6305
6722
168
3447
4383
174
3453
5789
180
5097
8774
185
3459
191
8385
5102
197
8165
8949
203
7549
5108
208
3476
4406
214
5114
9848
220
3482
5806
225
5120
231
4418
6744
237
6725
5125
243
8779
6750
248
4429
5131
254
3504
8625
260
3510
9851
265
9091
271
4441
5142
277
6351
9309
283
9604
5148
288
3527
6875
294
3533
9400
300
4458
5841
305
3539
311
4463
6773
317
5765
4469
323
8188
8637
328
3556
5171
334
6779
9709
340
3562
9901
345
7891
351
4486
5182
357
6380
4492
363
6840
5188
368
8767
4498
374
3584
9772
380
3590
7596
385
5200
391
7938
9551
397
8951
4515
403
6397
6802
408
3607
4521
414
3613
5892
420
4526
9545
425
3619
431
6337
5222
437
7607
7269
443
9703
5228
448
3636
4543
454
5234
8808
460
3642
7320
465
5240
471
8217
6824
477
6871
5245
483
6425
6830
488
9326
4566
494
3664
8815
500
3670
8814
505
9312
511
4578
5262
517
9556
7292
523
5857
5268
528
3687
8665
534
3693
9492
540
6847
5943
545
3699
551
4601
6853
557
9228
5285
563
8234
7303
568
3716
5291
574
6859
9552
580
3722
9854
585
9618
591
4623
5302
597
6471
4629
603
5891
5308
608
4635
9340
614
3744
9219
620
3750
5978
625
5320
631
4646
9221
637
8460
4652
643
8830
6882
648
3767
4658
654
3773
5995
660
4663
9422
665
3779
671
8980
5342
677
6500
4675
683
8644
5348
688
3796
4681
694
5354
9749
700
3802
7676
705
5360
711
8006
6904
717
6954
5365
723
6517
6910
728
6960
4703
734
3824
6029
740
3830
9497
745
8842
751
8485
5382
757
7687
9555
763
6963
5388
768
3847
4726
774
3853
8848
780
6927
6046
785
3859
791
4738
6933
797
7647
5405
803
6545
8280
808
3876
5411
814
6939
8855
820
3882
8854
825
8852
831
4761
5422
837
8035
9509
843
7327
5428
848
4772
8526
854
3904
9973
860
3910
6081
865
5440
871
4783
8685
877
9634
4789
883
8859
6962
888
3927
5451
894
3933
8717
900
4801
9577
905
3939
911
4806
5462
917
6591
4812
923
9009
5468
928
3956
4818
934
5474
9440
940
3962
8872
945
5480
951
6603
6984
957
6045
4835
963
8308
6990
968
6051
4841
974
3984
6132
980
3990
9624
985
9841
991
9281
5502
997
6620
7429
1003
7463
5508
1008
4007
4863
1014
4013
9875
1020
7007
7756
1025
4019
1031
9371
7013
1037
8695
5525
1043
6637
7441
1048
4036
4886
1054
7019
7800
1060
4042
9794
1065
8323
1071
4898
5542
1077
7767
7452
1083
8880
5548
1088
4909
8889
1094
4064
8888
1100
4070
6183
1105
5560
1111
4921
9261
1117
8332
5565
1123
6665
7042
1128
4087
5571
1134
4093
8895
1140
4938
8894
1145
4099
1151
4943
5582
1157
9052
4949
1163
6137
5588
1168
4116
8757
1174
5594
9958
1180
4122
6218
1185
5600
1191
4966
7064
1197
9156
4972
1203
8354
7070
1208
7436
4978
1214
4144
6235
1220
4150
9980
1225
9058
1231
6165
5622
1237
6711
4995
1243
6171
5628
1248
4167
5001
1254
4173
9881
1260
5006
8912
1265
4179
1271
6723
7093
1277
8331
5645
1283
8910
8777
1288
4196
5023
1294
7099
6269
1300
4202
9462
1305
9575
1311
8735
5662
1317
6740
8916
1323
9458
5668
1328
8915
5046
1334
4224
9591
1340
4230
6286
1345
5680
1351
5058
9598
1357
9197
5685
1363
6757
7122
1368
4247
5691
1374
4253
7171
1380
5697
9531
1385
4259
1391
5081
5702
1397
7847
9297
1403
8383
5708
1408
4276
8929
1414
5714
8928
1420
4282
6321
1425
5720
1431
5103
7144
1437
8771
5109
1443
6785
7150
1448
5115
5731
1454
4304
8935
1460
4310
8934
1465
8137
1471
5126
5742
1477
8172
5132
1483
7516
5748
1488
4327
5138
1494
4333
9968
1500
5143
6817
1505
4339
1511
8178
7173
1517
8927
5155
1523
8939
7578
1528
4356
5161
1534
7179
6372
1540
4362
9543
1545
9211
1551
9076
5782
1557
6831
7589
1563
7234
5788
1568
8944
5183
1574
4384
9299
1580
4390
8952
1585
5800
1591
6843
9301
1597
6325
5805
1603
8428
7202
1608
4407
5206
1614
4413
7972
1620
5817
9653
1625
4419
1631
5218
5822
1637
6860
7612
1643
9481
5828
1648
4436
6874
1654
5834
9843
1660
4442
6423
1665
5840
1671
5241
7224
1677
8786
5845
1683
6877
7230
1688
5252
5851
1694
4464
9546
1700
4470
9870
1705
8443
1711
5263
5862
1717
7927
5269
1723
9602
5868
1728
4487
8969
1734
4493
8968
1740
5281
6458
1745
4499
1751
5286
7253
1757
8196
5292
1763
6905
7646
1768
4516
5298
1774
7259
6475
1780
4522
8974
1785
9404
1791
6857
5902
1797
9420
5315
1803
6417
5908
1808
9609
5321
1814
4544
9714
1820
4550
6937
1825
5920
1831
8246
9411
1837
9104
5925
1843
8474
7282
1848
4567
5343
1854
4573
6509
1860
5937
9942
1865
4579
1871
6445
5942
1877
6951
8997
1883
6451
5948
1888
4596
5366
1894
5954
9805
1900
4602
6526
1905
5960
1911
5378
7304
1917
8671
5965
1923
8990
7310
1928
5389
5971
1934
4624
9145
1940
4630
9502
1945
9241
1951
5401
5982
1957
6980
8996
1963
8832
5988
1968
4647
6994
1974
4653
9620
1980
5418
6561
1985
4659
1991
5423
7333
1997
9017
5429
2003
6997
9670
2008
4676
6011
2014
7339
9327
2020
4682
9938
2025
9002
2031
5446
6022
2037
8007
5452
2043
8503
6028
2048
8505
5458
2054
4704
9008
2060
4710
8081
2065
6040
2071
8298
9341
2077
8992
5475
2083
7025
7362
2088
4727
5481
2094
4733
6612
2100
5486
9014
2105
4739
2111
9116
6062
2117
8309
7749
2123
8029
6068
2128
4756
5503
2134
6074
9951
2140
4762
7057
2145
6080
2151
8531
7384
2157
7996
6085
2163
9019
7390
2168
6577
5526
2174
4784
9264
2180
4790
9578
2185
9161
2191
5538
6102
2197
7071
7772
2203
9765
6108
2208
4807
7492
2214
4813
9520
2220
7407
6663
2225
4819
2231
5561
7413
2237
6605
6125
2243
8548
7783
2248
4836
6131
2254
7419
9278
2260
4842
9789
2265
9844
2271
5583
6142
2277
7100
5589
2283
8733
6148
2288
5595
7114
2294
4864
9940
2300
4870
6698
2305
6160
2311
5606
8349
2317
9909
5612
2323
7117
7442
2328
4887
5618
2334
4893
6715
2340
5623
9637
2345
4899
2351
8109
6182
2357
8087
5635
2363
9372
6188
2368
4916
5641
2374
6194
9048
2380
4922
9538
2385
6200
2391
8366
7464
2397
7500
6205
2403
7145
7470
2408
9167
5663
2414
4944
6749
2420
4950
9054
2425
8760
2431
9178
6222
2437
9189
8580
2443
6697
6228
2448
4967
5686
2454
4973
9595
2460
7487
6766
2465
4979
2471
5698
7493
2477
9795
6245
2483
8594
9771
2488
4996
6251
2494
7499
9727
2500
5002
3
9
9731
15
5721
6262
21
7191
26
32
6731
38
2528
5732
44
2534
49
9379
55
5030
6801
61
6280
66
72
9381
78
8577
5749
84
9070
89
2568
95
6291
2574
101
7914
106
112
9542
118
5059
2591
124
6302
129
7220
135
2603
8924
141
2608
146
152
2614
158
9767
2620
164
8156
169
6320
175
8418
7544
181
9198
186
192
7237
198
2648
8185
204
2654
209
6852
215
5110
9823
221
9082
226
232
6342
238
8167
7909
244
8623
249
2688
255
5823
2694
261
9088
266
272
8973
278
5139
2711
284
7573
289
7211
295
2723
7265
301
2728
306
312
2734
318
9095
2740
324
9094
329
8417
335
5858
6382
341
8645
346
352
7887
358
2768
5869
364
2774
369
9888
375
5190
6903
381
6400
386
392
8452
398
7923
6405
404
9099
409
2808
415
6411
2814
421
8985
426
432
9908
438
5219
2831
444
6422
449
7311
455
2843
9117
461
2848
466
472
2854
478
9560
2860
484
6938
489
6440
495
5926
7624
501
6885
506
512
8668
518
2888
6891
524
2894
529
6955
535
5270
9704
541
8451
546
552
6462
558
7340
5955
564
7680
569
2928
575
5961
2934
581
9898
586
592
8236
598
5299
2951
604
7653
609
8975
615
2963
7357
621
2968
626
632
2974
638
6989
2980
644
9665
649
8683
655
8207
6502
661
8247
666
672
9106
678
3008
9348
684
3014
689
9128
695
5350
7006
701
6520
706
712
9421
718
7711
6525
724
7385
729
3048
735
6531
3054
741
9135
746
752
9134
758
5379
3071
764
6542
769
8515
775
3083
6977
781
3088
786
792
3094
798
9629
3100
804
7041
809
6560
815
6063
7704
821
8865
826
832
8714
838
3128
6075
844
3134
849
9151
855
5430
9894
861
9263
866
872
6582
878
7431
6092
884
7011
889
3168
895
6098
3174
901
9817
906
912
9152
918
5459
3191
924
7733
929
9445
935
3203
9150
941
3208
946
952
3214
958
7092
3220
964
9582
969
8883
975
9015
6622
981
7460
986
992
9510
998
3248
8525
1004
3254
1009
9845
1015
5510
8316
1021
6640
1026
1032
8555
1038
7794
6645
1044
7477
1049
3288
1055
6166
3294
1061
9177
1066
1072
9756
1078
5539
3311
1084
6662
1089
8327
1095
3323
7803
1101
3328
1106
1112
3334
1118
9168
3340
1124
7143
1129
6680
1135
6201
7784
1141
7457
1146
1152
7505
1158
3368
6212
1164
3374
1169
9175
1175
5590
9174
1181
9036
1186
1192
6702
1198
8765
6229
1204
8076
1209
3408
1215
8938
3414
1221
9984
1226
1232
7178
1238
5619
3431
1244
7813
1249
9164
1255
3443
9179
1261
3448
1266
1272
3454
1278
7195
3460
1284
9646
1289
9298
1295
9689
6742
1301
7551
1306
1312
9289
1318
3488
9184
1324
3494
1329
9459
1335
5670
9192
1341
6760
1346
1352
9461
1358
7165
6765
1364
8788
1369
3528
1375
6303
3534
1381
7229
1386
1392
9733
1398
5699
3551
1404
6782
1409
7580
1415
3563
8183
1421
3568
1426
1432
3574
1438
9691
3580
1444
7246
1449
6800
1455
6338
7864
1461
9066
1466
1472
7597
1478
3608
6349
1484
3614
1489
9213
1495
5750
9899
1501
8803
1506
1512
6822
1518
8407
8611
1524
7565
1529
3648
1535
9209
3654
1541
9208
1546
1552
7281
1558
5779
3671
1564
7893
1569
8812
1575
3683
7625
1581
3688
1586
1592
3694
1598
9215
3700
1604
9214
1609
9857
1615
6406
6862
1621
8652
1626
1632
7257
1638
3728
9915
1644
3734
1649
9948
1655
5830
7657
1661
6880
1666
1672
9557
1678
8805
6435
1684
8834
1689
3768
1695
6441
3774
1701
7332
1706
1712
9988
1718
5859
3791
1724
6902
1729
7671
1735
3803
7291
1741
3808
1746
1752
3814
1758
9931
3820
1764
9232
1769
6920
1775
7683
7944
1781
8965
1786
1792
9230
1798
3848
9329
1804
3854
1809
8274
1815
5910
9622
1821
9832
1826
1832
6942
1838
7700
8252
1844
9112
1849
3888
1855
7714
3894
1861
9711
1866
1872
7383
1878
5939
3911
1884
7973
1889
8874
1895
3923
7717
1901
3928
1906
1912
3934
1918
8011
3940
1924
9754
1929
9242
1935
6543
6982
1941
8487
1946
1952
8863
1958
3968
6555
1964
3974
1969
9248
1975
5990
7418
1981
7000
1986
1992
9501
1998
9887
6572
2004
7745
2009
4008
2015
6578
4014
2021
7435
2026
2032
9254
2038
6019
4031
2044
7022
2049
8885
2055
4043
8509
2061
4048
2066
2072
4054
2078
9939
4060
2084
7777
2089
7040
2095
8726
8024
2101
7731
2106
2112
9259
2118
4088
7417
2124
4094
2129
7469
2135
6070
9681
2141
9366
2146
2152
7062
2158
7791
9786
2164
8074
2169
4128
2175
6646
4134
2181
9640
2186
2192
7486
2198
6099
4151
2204
8053
2209
7445
2215
4163
8908
2221
4168
2226
2232
4174
2238
8589
4180
2244
9941
2249
8731
2255
6681
7102
2261
7820
2266
2272
9283
2278
4208
6692
2284
4214
2289
9685
2295
6150
7521
2301
7120
2306
2312
9945
2318
9912
6709
2324
7837
2329
4248
2335
7131
4254
2341
9737
2346
2352
9868
2358
6179
4271
2364
7142
2369
8567
2375
4283
9686
2381
4288
2386
2392
4294
2398
9288
4300
2404
8400
2409
7160
2415
8778
8104
2421
8756
2426
2432
7865
2438
4328
9769
2444
4334
2449
7572
2455
6230
9294
2461
9592
2466
2472
7182
2478
8789
8389
2484
7537
2489
4368
2495
6783
4374
2501
9975
2506
2512
7897
2518
6259
4391
2524
8133
2529
9077
2535
4403
8954
2541
4408
2546
2552
4414
2558
9085
4420
2564
9994
2569
9401
2575
6818
7222
2581
7911
2586
2592
7571
2598
4448
6829
2604
4454
2609
9539
2615
6310
7623
2621
7240
2626
2632
9541
2638
9396
7245
2644
9310
2649
4488
2655
7251
4494
2661
9613
2666
2672
9662
2678
6339
4511
2684
7262
2689
7940
2695
4523
9204
2701
4528
2706
2712
4534
2718
9740
4540
2724
7658
2729
7280
2735
6886
8184
2741
9668
2746
2752
7957
2758
4568
9852
2764
4574
2769
7675
2775
6390
9963
2781
9322
2786
2792
7302
2798
8647
6915
2804
8983
2809
4608
2815
6921
4614
2821
9328
2826
2832
8698
2838
6419
4631
2844
8213
2849
9903
2855
4643
7985
2861
4648
2866
2872
4654
2878
7709
4660
2884
9334
2889
9332
2895
9234
7342
2901
9005
2906
2912
8447
2918
4688
9615
2924
4694
2929
9965
2935
6470
7726
2941
7360
2946
2952
9131
2958
7977
7365
2964
9339
2969
4728
2975
7371
4734
2981
9504
2986
2992
9836
2998
6499
4751
3004
7382
3009
8031
3015
4763
9716
3021
4768
3026
3032
4774
3038
9680
4780
3044
7761
3049
7400
3055
7023
8264
3061
7725
3066
3072
9028
3078
4808
7035
3084
4814
3089
9518
3095
6550
9784
3101
9154
3106
3112
7422
3118
8060
7052
3124
9923
3129
4848
3135
7058
4854
3141
9906
3146
3152
8716
3158
6579
4871
3164
8293
3169
9255
3175
4883
8077
3181
4888
3186
3192
4894
3198
7812
4900
3204
9757
3209
9043
3215
8051
7462
3221
8727
3226
3232
8297
3238
4928
9682
3244
4934
3249
9368
3255
6630
9642
3261
7480
3266
3272
9581
3278
8340
7485
3284
8105
3289
4968
3295
7126
4974
3301
9375
3306
3312
9374
3318
6659
4991
3324
7502
3329
9863
3335
5003
7817
3341
5008
3346
3352
5014
3358
9732
5020
3364
7863
3369
7520
3375
7161
8344
3381
9724
3386
3392
9074
3398
5048
7172
3404
5054
3409
9645
3415
6710
9983
3421
9796
3426
3432
7542
3438
8151
7189
3444
7851
3449
5088
3455
9853
5094
3461
9883
3466
3472
7898
3478
6739
5111
3484
8373
3489
9846
3495
5123
9390
3501
5128
3506
3512
5134
3518
7915
5140
3524
9702
3529
9828
3535
9295
7582
3541
8180
3546
3552
9698
3558
5168
9395
3564
5174
3569
9847
3575
6790
8796
3581
7600
3586
3592
9412
3598
9478
7605
3604
8197
3609
5208
3615
7263
5214
3621
7949
3626
3632
9954
3638
6819
5231
3644
7622
3649
8807
3655
5243
9103
3661
5248
3666
3672
5254
3678
9408
5260
3684
7966
3689
7640
3695
7298
8424
3701
8829
3706
3712
8225
3718
5288
7309
3724
5294
3729
9415
3735
6870
9414
3741
8977
3746
3752
7662
3758
8995
9565
3764
8636
3769
5328
3775
9246
5334
3781
9928
3786
3792
8001
3798
6899
5351
3804
8453
3809
9874
3815
5363
9419
3821
5368
3826
3832
5374
3838
9345
5380
3844
9840
3849
9503
3855
7366
7702
3861
8271
3866
3872
9675
3878
5408
9424
3884
5414
3889
9619
3895
6950
9432
3901
7720
3906
3912
9621
3918
8005
7395
3924
9148
3929
5448
3935
7401
5454
3941
8052
3946
3952
9813
3958
6979
5471
3964
7742
3969
8300
3975
5483
8520
3981
5488
3986
3992
5494
3998
9876
5500
4004
8876
4009
7760
4015
9363
8504
4021
9346
4026
4032
8317
4038
5528
9352
4044
5534
4049
8537
4055
7030
9785
4061
9163
4066
4072
7782
4078
8887
8732
4084
9885
4089
5568
4095
9449
5574
4101
9448
4106
4112
8103
4118
7059
5591
4124
8533
4129
8551
4135
5603
8345
4141
5608
4146
4152
5614
4158
9455
5620
4164
9454
4169
9684
4175
7503
7822
4181
9532
4186
4192
8097
4198
5648
7515
4204
5654
4209
9935
4215
7110
8138
4221
7840
4226
4232
9069
4238
9762
7532
4244
9194
4249
5688
4255
7538
5694
4261
8155
4266
4272
9934
4278
7139
5711
4284
7862
4289
8391
4295
5723
8131
4301
5728
4306
4312
5734
4318
9964
5740
4324
9472
4329
7880
4335
8403
8584
4341
9300
4346
4352
9470
4358
5768
9477
4364
5774
4369
8189
4375
7190
9742
4381
9601
4386
4392
7902
4398
8420
9476
4404
9392
4409
5808
4415
7606
5814
4421
9991
4426
4432
8206
4438
7219
5831
4444
8613
4449
8634
4455
5843
8437
4461
5848
4466
4472
5854
4478
9491
5860
4484
9777
4489
9482
4495
7641
7942
4501
8967
4506
4512
8643
4518
5888
7652
4524
5894
4529
9488
4535
7270
8241
4541
7960
4546
4552
9661
4558
8956
7669
4564
8465
4569
5928
4575
7971
5934
4581
9495
4586
4592
9494
4598
7299
5951
4604
7982
4609
9132
4615
5963
8989
4621
5968
4626
4632
5974
4638
9969
5980
4644
8497
4649
8000
4655
9138
8664
4661
9006
4666
4672
9499
4678
6008
8257
4684
6014
4689
8292
4695
7350
9783
4701
9755
4706
4712
8022
4718
8511
8869
4724
9569
4729
6048
4735
7743
6054
4741
9760
4746
4752
9512
4758
7379
6071
4764
8693
4769
8285
4775
6083
9268
4781
6088
4786
4792
6094
4798
9638
6100
4804
9892
4809
9932
4815
7778
8062
4821
8540
4826
4832
8903
4838
6128
7789
4844
6134
4849
9917
4855
7430
8343
4861
8080
4866
4872
9172
4878
9580
8085
4884
8557
4889
6168
4895
8091
6174
4901
9643
4906
4912
9914
4918
7459
6191
4924
8102
4929
9047
4935
6203
9636
4941
6208
4946
4952
6214
4958
9528
6220
4964
8378
4969
8120
4975
7846
8744
4981
9292
4986
4992
8585
4998
6248
8763
5004
6254
5009
8395
5015
7510
9534
5021
9693
5026
5032
8142
5038
9697
7875
5044
8377
5049
6288
5055
7881
6294
5061
9925
5066
5072
8617
5078
7539
6311
5084
8773
5089
9946
5095
6323
9314
5101
6328
5106
5112
6334
5118
8429
6340
5124
9987
5129
9606
5135
8405
8182
5141
8631
5146
5152
8411
5158
6368
9317
5164
6374
5169
9699
5175
7590
8446
5181
8200
5186
5192
9701
5198
9549
8205
5204
9550
5209
6408
5215
8211
6414
5221
8994
5226
5232
9782
5238
7619
6431
5244
8222
5249
8660
5255
6443
9484
5261
6448
5266
5272
6454
5278
9831
6460
5284
8481
5289
8240
5295
7983
8824
5301
9487
5306
5312
8677
5318
6488
7995
5324
6494
5329
8851
5335
7670
9811
5341
9562
5346
5352
8262
5358
9127
8012
5364
9343
5369
6528
5375
8018
6534
5381
9568
5386
5392
9265
5398
7699
6551
5404
8853
5409
9003
5415
6563
8705
5421
6568
5426
5432
6574
5438
8532
6580
5444
9574
5449
9257
5455
9437
8302
5461
9269
5466
5472
9007
5478
6608
9515
5484
6614
5489
9999
5495
7750
8737
5501
8320
5506
5512
9275
5518
9034
8325
5524
9579
5529
6648
5535
8086
6654
5541
9842
5546
5552
9818
5558
7779
6671
5564
8342
5569
8751
5575
6683
8914
5581
6688
5586
5592
6694
5598
9800
6700
5604
8583
5609
8360
5615
8121
8904
5621
8565
5626
5632
9388
5638
6728
8132
5644
6734
5649
9824
5655
7830
9864
5661
9291
5666
5672
8382
5678
8780
8149
5684
9537
5689
6768
5695
8794
6774
5701
9956
5706
5712
8618
5718
7859
6791
5724
8933
5729
9535
5735
6803
8797
5741
6808
5746
5752
6814
5758
8635
6820
5764
9950
5769
9403
5775
9918
8422
5781
9207
5786
5792
9797
5798
6848
9708
5804
6854
5809
9608
5815
7910
9120
5821
8440
5826
5832
9741
5838
9316
8445
5844
8825
5849
6888
5855
8223
6894
5861
8669
5866
5872
9614
5878
7939
6911
5884
8462
5889
9669
5895
6923
8657
5901
6928
5906
5912
6934
5918
9835
6940
5924
8686
5929
8480
5935
8258
8984
5941
9664
5946
5952
9434
5958
6968
8269
5964
6974
5969
9715
5975
7990
9977
5981
9897
5986
5992
8502
5998
8871
9625
6004
8691
6009
7008
6015
9035
7014
6021
9961
6026
6032
8721
6038
8019
7031
6044
9013
6049
9511
6055
7043
9630
6061
7048
6066
6072
7054
6078
9978
7060
6084
9822
6089
9721
6095
8326
8542
6101
8900
6106
6112
9683
6118
7088
9365
6124
7094
6129
9860
6135
8070
9276
6141
8560
6146
6152
9594
6158
9884
8355
6164
8917
6169
7128
6175
8361
7134
6181
8772
6186
6192
9952
6198
8099
7151
6204
8582
6209
9287
6215
7163
9463
6221
7168
6226
6232
7174
6238
9648
7180
6244
9804
6249
8600
6255
9647
9064
6261
9644
6266
6272
8945
6278
7208
9516
6284
7214
6289
9655
6295
8150
9654
6301
9596
6306
6312
8622
6318
9485
9212
6324
9196
6329
7248
6335
9617
7254
6341
9979
6346
6352
8823
6358
8179
7271
6364
9093
6369
9826
6375
7283
9659
6381
7288
6386
6392
7294
6398
9744
7300
6404
9916
6409
9981
6415
8463
8662
6421
8991
6426
6432
9838
6438
7328
8475
6444
7334
6449
9779
6455
8230
8858
6461
8680
6466
6472
9781
6478
8845
8492
6484
9508
6489
7368
6495
8498
7374
6501
8875
6506
6512
9893
6518
8259
7391
6524
8702
6529
9020
6535
7403
9357
6541
7408
6546
6552
7414
6558
9957
7420
6564
9356
6569
8720
6575
9446
9144
6581
9626
6586
6592
9037
6598
7448
9632
6604
7454
6609
8909
6615
8310
9877
6621
9523
6626
6632
8742
6638
9367
9451
6644
9271
6649
7488
6655
8566
7494
6661
9688
6666
4
10
16
27
33
39
50
56
67
73
79
90
96
107
113
119
130
136
147
153
159
170
176
187
193
199
210
216
227
233
239
250
256
267
273
279
290
296
307
313
319
330
336
347
353
359
370
376
387
393
399
410
416
427
433
439
450
456
467
473
479
490
496
507
513
519
530
536
547
553
559
570
576
587
593
599
610
616
627
633
639
650
656
667
673
679
690
696
707
713
719
730
736
747
753
759
770
776
787
793
799
810
816
827
833
839
850
856
867
873
879
890
896
907
913
919
930
936
947
953
959
970
976
987
993
999
1010
1016
1027
1033
1039
1050
1056
1067
1073
1079
1090
1096
1107
1113
1119
1130
1136
1147
1153
1159
1170
1176
1187
1193
1199
1210
1216
1227
1233
1239
1250
1256
1267
1273
1279
1290
1296
1307
1313
1319
1330
1336
1347
1353
1359
1370
1376
1387
1393
1399
1410
1416
1427
1433
1439
1450
1456
1467
1473
1479
1490
1496
1507
1513
1519
1530
1536
1547
1553
1559
1570
1576
1587
1593
1599
1610
1616
1627
1633
1639
1650
1656
1667
1673
1679
1690
1696
1707
1713
1719
1730
1736
1747
1753
1759
1770
1776
1787
1793
1799
1810
1816
1827
1833
1839
1850
1856
1867
1873
1879
1890
1896
1907
1913
1919
1930
1936
1947
1953
1959
1970
1976
1987
1993
1999
2010
2016
2027
2033
2039
2050
2056
2067
2073
2079
2090
2096
2107
2113
2119
2130
2136
2147
2153
2159
2170
2176
2187
2193
2199
2210
2216
2227
2233
2239
2250
2256
2267
2273
2279
2290
2296
2307
2313
2319
2330
2336
2347
2353
2359
2370
2376
2387
2393
2399
2410
2416
2427
2433
2439
2450
2456
2467
2473
2479
2490
2496
2507
2513
2519
2530
2536
2547
2553
2559
2570
2576
2587
2593
2599
2610
2616
2627
2633
2639
2650
2656
2667
2673
2679
2690
2696
2707
2713
2719
2730
2736
2747
2753
2759
2770
2776
2787
2793
2799
2810
2816
2827
2833
2839
2850
2856
2867
2873
2879
2890
2896
2907
2913
2919
2930
2936
2947
2953
2959
2970
2976
2987
2993
2999
3010
3016
3027
3033
3039
3050
3056
3067
3073
3079
3090
3096
3107
3113
3119
3130
3136
3147
3153
3159
3170
3176
3187
3193
3199
3210
3216
3227
3233
3239
3250
3256
3267
3273
3279
3290
3296
3307
3313
3319
3330
3336
3347
3353
3359
3370
3376
3387
3393
3399
3410
3416
3427
3433
3439
3450
3456
3467
3473
3479
3490
3496
3507
3513
3519
3530
3536
3547
3553
3559
3570
3576
3587
3593
3599
3610
3616
3627
3633
3639
3650
3656
3667
3673
3679
3690
3696
3707
3713
3719
3730
3736
3747
3753
3759
3770
3776
3787
3793
3799
3810
3816
3827
3833
3839
3850
3856
3867
3873
3879
3890
3896
3907
3913
3919
3930
3936
3947
3953
3959
3970
3976
3987
3993
3999
4010
4016
4027
4033
4039
4050
4056
4067
4073
4079
4090
4096
4107
4113
4119
4130
4136
4147
4153
4159
4170
4176
4187
4193
4199
4210
4216
4227
4233
4239
4250
4256
4267
4273
4279
4290
4296
4307
4313
4319
4330
4336
4347
4353
4359
4370
4376
4387
4393
4399
4410
4416
4427
4433
4439
4450
4456
4467
4473
4479
4490
4496
4507
4513
4519
4530
4536
4547
4553
4559
4570
4576
4587
4593
4599
4610
4616
4627
4633
4639
4650
4656
4667
4673
4679
4690
4696
4707
4713
4719
4730
4736
4747
4753
4759
4770
4776
4787
4793
4799
4810
4816
4827
4833
4839
4850
4856
4867
4873
4879
4890
4896
4907
4913
4919
4930
4936
4947
4953
4959
4970
4976
4987
4993
4999
5010
5016
5027
5033
5039
5050
5056
5067
5073
5079
5090
5096
5107
5113
5119
5130
5136
5147
5153
5159
5170
5176
5187
5193
5199
5210
5216
5227
5233
5239
5250
5256
5267
5273
5279
5290
5296
5307
5313
5319
5330
5336
5347
5353
5359
5370
5376
5387
5393
5399
5410
5416
5427
5433
5439
5450
5456
5467
5473
5479
5490
5496
5507
5513
5519
5530
5536
5547
5553
5559
5570
5576
5587
5593
5599
5610
5616
5627
5633
5639
5650
5656
5667
5673
5679
5690
5696
5707
5713
5719
5730
5736
5747
5753
5759
5770
5776
5787
5793
5799
5810
5816
5827
5833
5839
5850
5856
5867
5873
5879
5890
5896
5907
5913
5919
5930
5936
5947
5953
5959
5970
5976
5987
5993
5999
6010
6016
6027
6033
6039
6050
6056
6067
6073
6079
6090
6096
6107
6113
6119
6130
6136
6147
6153
6159
6170
6176
6187
6193
6199
6210
6216
6227
6233
6239
6250
6256
6267
6273
6279
6290
6296
6307
6313
6319
6330
6336
6347
6353
6359
6370
6376
6387
6393
6399
6410
6416
6427
6433
6439
6450
6456
6467
6473
6479
6490
6496
6507
6513
6519
6530
6536
6547
6553
6559
6570
6576
6587
6593
6599
6610
6616
6627
6633
6639
6650
6656
6667
6673
6679
6690
6696
6707
6713
6719
6730
6736
6747
6753
6759
6770
6776
6787
6793
6799
6810
6816
6827
6833
6839
6850
6856
6867
6873
6879
6890
6896
6907
6913
6919
6930
6936
6947
6953
6959
6970
6976
6987
6993
6999
7010
7016
7027
7033
7039
7050
7056
7067
7073
7079
7090
7096
7107
7113
7119
7130
7136
7147
7153
7159
7170
7176
7187
7193
7199
7210
7216
7227
7233
7239
7250
7256
7267
7273
7279
7290
7296
7307
7313
7319
7330
7336
7347
7353
7359
7370
7376
7387
7393
7399
7410
7416
7427
7433
7439
7450
7456
7467
7473
7479
7490
7496
7507
7513
7519
7530
7536
7547
7553
7559
7570
7576
7587
7593
7599
7610
7616
7627
7633
7639
7650
7656
7667
7673
7679
7690
7696
7707
7713
7719
7730
7736
7747
7753
7759
7770
7776
7787
7793
7799
7810
7816
7827
7833
7839
7850
7856
7867
7873
7879
7890
7896
7907
7913
7919
7930
7936
7947
7953
7959
7970
7976
7987
7993
7999
8010
8016
8027
8033
8039
8050
8056
8067
8073
8079
8090
8096
8107
8113
8119
8130
8136
8147
8153
8159
8170
8176
8187
8193
8199
8210
8216
8227
8233
8239
8250
8256
8267
8273
8279
8290
8296
8307
8313
8319
8330
8336
8347
8353
8359
8370
8376
8387
8393
8399
8410
8416
8427
8433
8439
8450
8456
8467
8473
8479
8490
8496
8507
8513
8519
8530
8536
8547
8553
8559
8570
8576
8587
8593
8599
8610
8616
8627
8633
8639
8650
8656
8667
8673
8679
8690
8696
8707
8713
8719
8730
8736
8747
8753
8759
8770
8776
8787
8793
8799
8810
8816
8827
8833
8839
8850
8856
8867
8873
8879
8890
8896
8907
8913
8919
8930
8936
8947
8953
8959
8970
8976
8987
8993
8999
9010
9016
9027
9033
9039
9050
9056
9067
9073
9079
9090
9096
9107
9113
9119
9130
9136
9147
9153
9159
9170
9176
9187
9193
9199
9210
9216
9227
9233
9239
9250
9256
9267
9273
9279
9290
9296
9307
9313
9319
9330
9336
9347
9353
9359
9370
9376
9387
9393
9399
9410
9416
9427
9433
9439
9450
9456
9467
9473
9479
9490
9496
9507
9513
9519
9530
9536
9547
9553
9559
9570
9576
9587
9593
9599
9610
9616
9627
9633
9639
9650
9656
9667
9673
9679
9690
9696
9707
9713
9719
9730
9736
9747
9753
9759
9770
9776
9787
9793
9799
9810
9816
9827
9833
9839
9850
9856
9867
9873
9879
9890
9896
9907
9913
9919
9930
9936
9947
9953
9959
9990
9992
9997
9998
5
